%YAML:1.0
cameras:
     - {T_SC:
        [ 0.999944, 0.00849722, -0.00626095, -0.00291751,
         -0.00850131,     0.999964, -0.000626601,   0.00268372,
          0.00625539,  0.000679792,      0.99998,     0.010123, 
          0.000000, 0.000000, 0.000000, 1.000000],
        image_dimension: [640, 480],
        distortion_coefficients: [0.008944, -0.004650, -0.001073, 0.000969],
        distortion_type: radialtangential,
        focal_length: [388.522368, 388.647678],
        principal_point: [324.334434, 238.486492]}

     - {T_SC:
        [  0.999935,  0.00862585, -0.00740315,   0.0440694,
          -0.0086357,    0.999962, -0.00129987,  0.00230013,
           0.00739166,  0.00136372,    0.999972,   0.0109076,
           0.000000, 0.000000, 0.000000, 1.000000 ],
        image_dimension: [640, 480],
        distortion_coefficients: [0.008212, -0.003800, -0.001016, 0.000693],
        distortion_type: radialtangential,
        focal_length: [388.622217, 388.725852],
        principal_point: [323.511437, 238.539424]}

# additional camera parameters
camera_parameters:
    timestamp_tolerance: 0.005 # [s] stereo frame out-of-sync tolerance
    image_delay: -0.00780146 # [s] timestamp_camera_correct = timestamp_camera - image_delay
    online_calibration: # some parameters to set the online 
        do_extrinsics: false # Do we online-calibrate extrinsics?
        sigma_r: 0.001 # T_SCi position prior stdev [m] 
        sigma_alpha: 0.01 # T_SCi orientation prior stdev [rad]

# the IMU sensor model
imu_parameters:
    used: true # enable IMU
    a_max: 160.0 # acceleration saturation [m/s^2]
    g_max: 10.0 # gyro saturation [rad/s]
    sigma_g_c: 0.00278 # gyro noise density [rad/s/sqrt(Hz)]
    sigma_bg: 0.03 # gyro bias prior [rad/s]
    sigma_a_c: 0.0252 # accelerometer noise density [m/s^2/sqrt(Hz)]
    sigma_ba: 0.1 # accelerometer bias prior [m/s^2]
    sigma_gw_c: 0.0008 # gyro drift noise density [rad/s^s/sqrt(Hz)]
    sigma_aw_c: 0.04 # 0.04 accelerometer drift noise density [m/s^2/sqrt(Hz)]
    a0: [ -0.00801738, 0.0433264, 0.258735] # [ -0.1, 0.1, 0.4 ] Initial accelerometer bias [m/s^2]
    g0: [-0.00150009, -0.000853692, -0.00046607] # Initial gyro bias [rad/s]
    g: 9.81007 # Earth's acceleration due to gravity [m/s^2]
    T_BS: 
        [ 1.0, 0.0, 0.0, 0.0,
          0.0, 1.0, 0.0, 0.0,
          0.0, 0.0, 1.0, 0.0,
          0.0, 0.0, 0.0, 1.0 ]

# frontend: detection etc. 
frontend_parameters:
    detection_threshold: 30.0 # detection threshold. By default the uniformity radius in pixels
    absolute_threshold: 5.0 # absolute Harris corner threshold (noise floor)
    octaves: 0 # number of octaves for detection. 0 means single-scale at highest resolution
    max_num_keypoints: 400 # restrict to a maximum of this many keypoints per image (strongest ones)
    keyframe_overlap: 0.55 # minimum field-of-view overlap

# estimator parameters
estimator_parameters:
    num_keyframes: 5 # number of keyframes in optimisation window
    num_loop_closure_frames: 3 # number of loop closure frames in optimisation window
    num_imu_frames: 3 # number of frames linked by most recent nonlinear IMU error terms
    do_loop_closures: true # whether to do VI-SLAM or VIO
    do_final_ba: false # Whether to run a full final BA
    enforce_realtime: true # whether to limit the time budget for optimisation 
    realtime_min_iterations: 3 # minimum number of iterations always performed
    realtime_max_iterations: 10 # never do more than these, even if not converged
    realtime_time_limit: 0.03 # time budget for realtime optimisation [s]
    realtime_num_threads: 1 # number of threads for the realtime optimisation
    full_graph_iterations: 15 # don't do more than these for the full (background) optimisation
    full_graph_num_threads: 1 # number of threads for the full (background) optimisation

# some options for how and what to output
output_parameters:
    display_matches: false  # displays debug video and matches. May be slow.
    display_overhead: false # debug overhead image. Is slow.
    publish_imu_propagated_state: false # Should the state that is propagated with IMU messages be published or just the optimised ones?
