%YAML:1.0
# For this yaml file, the cam-IMU calibrations are obtained from factory-default cam params, while using Kalibr for cam-IMU extrinsic calibration.
cameras:
     - {T_SC:
        [0.99997563, -0.00544005,  0.00437449, -0.02974505,
         0.00543443,  0.9999844,   0.00129485,  0.0050659, 
         -0.00438147, -0.00127105,  0.99998959,  0.01292068,
          0.0, 0.0, 0.0, 1.0000000000],
        image_dimension: [640, 480],
        distortion_coefficients: [0.0, 0.0, 0.0, 0.0],
        distortion_type: radialtangential,
        focal_length: [386.460052490234, 386.460052490234],
        principal_point: [320.406158447266, 235.860015869141]}

     - {T_SC:
        [0.99997563, -0.00544005,  0.00437449,  0.06523722,
         0.00543443,  0.9999844,   0.00129485,  0.00558208,
         -0.00438147, -0.00127105,  0.99998959,  0.01250451,
          0.0, 0.0, 0.0, 1.0000000000],
        image_dimension: [640, 480],
        distortion_coefficients: [0.0, 0.0, 0.0, 0.0],
        distortion_type: radialtangential,
        focal_length: [386.460052490234, 386.460052490234],
        principal_point: [320.406158447266, 235.860015869141]}
        

# additional camera parameters
camera_parameters:
    timestamp_tolerance: 0.005 # [s] stereo frame out-of-sync tolerance
    image_delay: 0.008074955975451706 # [s] timestamp_camera_correct = timestamp_camera - image_delay -0.00780146 ; 0.008076880157687334
    online_calibration: # some parameters to set the online 
        do_extrinsics: false # Do we online-calibrate extrinsics?
        sigma_r: 0.001 # T_SCi position prior stdev [m] 
        sigma_alpha: 0.01 # T_SCi orientation prior stdev [rad]

# the IMU sensor model
imu_parameters:
    used: true # enable IMU
    a_max: 160.0 # acceleration saturation [m/s^2]
    g_max: 10.0 # gyro saturation [rad/s]
    sigma_g_c: 0.00278 # gyro noise density [rad/s/sqrt(Hz)]
    sigma_bg: 0.03 # gyro bias prior [rad/s]
    sigma_a_c: 0.0252 # accelerometer noise density [m/s^2/sqrt(Hz)]
    sigma_ba: 0.01 # accelerometer bias prior [m/s^2]
    sigma_gw_c: 0.0008 # gyro drift noise density [rad/s^s/sqrt(Hz)]
    sigma_aw_c: 0.04 # 0.04 accelerometer drift noise density [m/s^2/sqrt(Hz)]
    a0: [0.237891675418656,  0.167477259386443,   0.242558311983621] #[-0.0691081, 0.0215465, 0.315693] # [ -0.1, 0.1, 0.4 ] Initial accelerometer bias [m/s^2]
    g0: [0.0, 0.0, 0.0] #[-0.00152201, -0.00139254, -0.000370433] # Initial gyro bias [rad/s]
    g: 9.81007 # Earth's acceleration due to gravity [m/s^2]
    T_BS: 
        [ 1.0, 0.0, 0.0, 0.0,
          0.0, 1.0, 0.0, 0.0,
          0.0, 0.0, 1.0, 0.0,
          0.0, 0.0, 0.0, 1.0 ]

# frontend: detection etc. 
frontend_parameters:
    detection_threshold: 40.0 # detection threshold. By default the uniformity radius in pixels
    absolute_threshold: 5.0 # absolute Harris corner threshold (noise floor)
    matching_threshold: 60.0 # BRISK descriptor matching threshold
    octaves: 0 # number of octaves for detection. 0 means single-scale at highest resolution
    max_num_keypoints: 1000 # restrict to a maximum of this many keypoints per image (strongest ones) 400
    keyframe_overlap: 0.55 # minimum field-of-view overlap 0.55
    use_cnn: false # whether to use the segmentation CNN
    parallelise_detection: true

# estimator parameters
estimator_parameters:
    num_keyframes: 5 # number of keyframes in optimisation window
    num_loop_closure_frames: 5 # number of loop closure frames in optimisation window
    num_imu_frames: 3 # number of frames linked by most recent nonlinear IMU error terms
    do_loop_closures: true # whether to do VI-SLAM or VIO
    do_final_ba: false # Whether to run a full final BA
    enforce_realtime: true # whether to limit the time budget for optimisation 
    realtime_min_iterations: 3 # minimum number of iterations always performed
    realtime_max_iterations: 10 # never do more than these, even if not converged
    realtime_time_limit: 0.03 # time budget for realtime optimisation [s]
    realtime_num_threads: 2 # number of threads for the realtime optimisation
    full_graph_iterations: 15 # don't do more than these for the full (background) optimisation
    full_graph_num_threads: 1 # number of threads for the full (background) optimisation

# some options for how and what to output
output_parameters:
    display_matches: true  # displays debug video and matches. May be slow.
    display_overhead: false # debug overhead image. Is slow.
    publish_imu_propagated_state: false # Should the state that is propagated with IMU messages be published or just the optimised ones?

