%YAML:1.0
cameras:
     - {T_SC:
        [ -0.02404152, -0.71845273, 0.69516018, 0.02496917,
          -0.99966408, 0.0105427, -0.02367658, 0.01950941,
           0.00968164, -0.69549588, -0.71846485, -0.01354663,
                   0.0,       0.0,       0.0,       1.0 ],
        image_dimension: [640, 480],
        distortion_coefficients: [-0.017811595366268803, 0.04897078939103475, -0.041363300782847834, 0.011440891936886532],
        distortion_type: equidistant,
        focal_length: [275.3385453506587, 275.0852058534152],
        principal_point: [315.7697752181792, 233.72625444124952]}

     - {T_SC:
        [ -0.00452775, -0.72082383, 0.69310354, 0.02464282,
          -0.99995607, 0.00895175, 0.00277748, -0.05987074,
          -0.00820657, -0.69306052, -0.72083269, -0.01343195,
           0.0,       0.0,       0.0,       1.0 ],
        image_dimension: [640, 480],
        distortion_coefficients: [0.027860492621377443, -0.027723581962855317, 0.0375199775145906, -0.018152613898714216],
        distortion_type: equidistant,
        focal_length: [273.2895238376505, 273.35830490745764],
        principal_point: [314.60557378520133, 251.0359907029701]}


# additional camera parameters
camera_parameters:
    timestamp_tolerance: 0.005 # [s] stereo frame out-of-sync tolerance
    image_delay: 0.00861344601531 # [s] timestamp_camera_correct = timestamp_camera - image_delay
    online_calibration: # some parameters to set the online 
        do_extrinsics: true # Do we online-calibrate extrinsics?
        sigma_r: 0.001 # T_SCi position prior stdev [m] 
        sigma_alpha: 0.005 # T_SCi orientation prior stdev [rad]

imu_parameters:
    use: true
    a_max: 150.0 # acceleration saturation [m/s^2]
    g_max: 15.0 # gyro saturation [rad/s]
    sigma_g_c: 0.01 # 0.01 gyro noise density [rad/s/sqrt(Hz)]
    sigma_a_c: 0.2 # 0.2 accelerometer noise density [m/s^2/sqrt(Hz)]
    sigma_bg: 0.01 # gyro bias prior [rad/s]
    sigma_ba: 0.02 # 0.01 accelerometer bias prior [m/s^2]
    sigma_gw_c: 0.00004 # 4.0e-6 # gyro drift noise density [rad/s^s/sqrt(Hz)]
    sigma_aw_c: 0.002 # 4.0e-5 # accelerometer drift noise density [m/s^2/sqrt(Hz)]
    g: 9.81007 # Earth's acceleration due to gravity [m/s^2]
    g0: [ -0.0211577, 0.000485424, -0.0113488 ] # initial gyro bias [rad/s]
    a0: [ 0.0726816, -0.0663054, 0.153977 ] # initial accelerometer bias [m/s^2]
    # tranform Body-Sensor (IMU)
    T_BS:
        [1.0000, 0.0000, 0.0000, 0.0000,
         0.0000, 1.0000, 0.0000, 0.0000,
         0.0000, 0.0000, 1.0000, 0.0000,
         0.0000, 0.0000, 0.0000, 1.0000]

# frontend: detection etc. 
frontend_parameters:
    detection_threshold: 30.0 # detection threshold. By default the uniformity radius in pixels
    absolute_threshold: 100.0 # absolute Harris corner threshold (noise floor)
    matching_threshold: 80.0 # BRISK descriptor matching threshold
    octaves: 0 # number of octaves for detection. 0 means single-scale at highest resolution
    max_num_keypoints: 400 # restrict to a maximum of this many keypoints per image (strongest ones)
    keyframe_overlap: 0.55 # minimum field-of-view overlap

# estimator parameters
estimator_parameters:
    num_keyframes: 5 # number of keyframes in optimisation window
    num_loop_closure_frames: 5 # number of loop closure frames in optimisation window
    num_imu_frames: 3 # number of frames linked by most recent nonlinear IMU error terms
    do_loop_closures: true # whether to do VI-SLAM or VIO
    do_final_ba: false # Whether to run a full final BA
    enforce_realtime: false # whether to limit the time budget for optimisation 
    realtime_min_iterations: 3 # minimum number of iterations always performed
    realtime_max_iterations: 10 # never do more than these, even if not converged
    realtime_time_limit: 0.035 # time budget for realtime optimisation [s]
    realtime_num_threads: 3 # number of threads for the realtime optimisation
    full_graph_iterations: 15 # don't do more than these for the full (background) optimisation
    full_graph_num_threads: 1 # number of threads for the full (background) optimisation

# some options for how and what to output
output_parameters:
    display_matches: false  # displays debug video and matches. May be slow.
    display_overhead: false # debug overhead image. Is slow.
    publish_imu_propagated_state: false # Should the state that is propagated with IMU messages be published or just the optimised ones?

