%YAML:1.0
cameras:
     - {T_SC:
        [ -0.02822879, 0.01440125, 0.99949774, 0.00110212,
          -0.99960149, -0.00041887, -0.02822568, 0.02170142,
           0.00001218, -0.99989621, 0.01440734, -0.00005928,
           0.0, 0.0, 0.0, 1.0],
        image_dimension: [640, 480],
        distortion_coefficients: [-0.013721808247486035, 0.020727425669427896, -0.012786476702685545, 0.0025242267320687625],
        distortion_type: equidistant,
        focal_length: [278.66723066149086, 278.48991409740296],
        principal_point: [319.75221200593535, 241.96858910358173]}

     - {T_SC:
        [ -0.01182306, 0.01155299, 0.99986336, -0.00029028,
          -0.99987014, 0.01081377, -0.01194809, -0.05790695,
          -0.01095033, -0.99987479, 0.01142364, -0.0001919,
           0.0, 0.0, 0.0, 1.0],
        image_dimension: [640, 480],
        distortion_coefficients: [-0.008456929295619607, 0.011407590938612062, -0.006951788325762078, 0.0015368127092821786],
        distortion_type: equidistant,
        focal_length: [277.61640629770613, 277.63749695723294],
        principal_point: [314.8944703346039, 236.04310050462587]}


# additional camera parameters
camera_parameters:
    timestamp_tolerance: 0.005 # [s] stereo frame out-of-sync tolerance
    image_delay: 0.0165914312471 # [s] timestamp_camera_correct = timestamp_camera - image_delay
    online_calibration: # some parameters to set the online 
        do_extrinsics: true # Do we online-calibrate extrinsics?
        sigma_r: 0.001 # T_SCi position prior stdev [m] 
        sigma_alpha: 0.005 # T_SCi orientation prior stdev [rad]

imu_parameters:
    use: true
    a_max: 150.0 # acceleration saturation [m/s^2]
    g_max: 15.0 # gyro saturation [rad/s]
    sigma_g_c: 0.01 # 0.01 gyro noise density [rad/s/sqrt(Hz)]
    sigma_a_c: 0.2 # 0.2 accelerometer noise density [m/s^2/sqrt(Hz)]
    sigma_bg: 0.01 # gyro bias prior [rad/s]
    sigma_ba: 0.02 # 0.01 accelerometer bias prior [m/s^2]
    sigma_gw_c: 0.00004 # 4.0e-6 # gyro drift noise density [rad/s^s/sqrt(Hz)]
    sigma_aw_c: 0.002 # 4.0e-5 # accelerometer drift noise density [m/s^2/sqrt(Hz)]
    g: 9.81007 # Earth's acceleration due to gravity [m/s^2]
    g0: [ -0.00557158, -0.00310373, -0.00515048 ] # initial gyro bias [rad/s]
    a0: [ -0.0598, -0.0693892, -0.0907983 ] # initial accelerometer bias [m/s^2]
    # tranform Body-Sensor (IMU)
    T_BS:
        [1.0000, 0.0000, 0.0000, 0.0000,
         0.0000, 1.0000, 0.0000, 0.0000,
         0.0000, 0.0000, 1.0000, 0.0000,
         0.0000, 0.0000, 0.0000, 1.0000]

# frontend: detection etc. 
frontend_parameters:
    detection_threshold: 40.0 # detection threshold. By default the uniformity radius in pixels
    absolute_threshold: 600.0 # absolute Harris corner threshold (noise floor)
    matching_threshold: 60.0 # BRISK descriptor matching threshold
    octaves: 0 # number of octaves for detection. 0 means single-scale at highest resolution
    max_num_keypoints: 400 # restrict to a maximum of this many keypoints per image (strongest ones)
    keyframe_overlap: 0.60 # minimum field-of-view overlap

# estimator parameters
estimator_parameters:
    num_keyframes: 5 # number of keyframes in optimisation window
    num_loop_closure_frames: 5 # number of loop closure frames in optimisation window
    num_imu_frames: 3 # number of frames linked by most recent nonlinear IMU error terms
    do_loop_closures: true # whether to do VI-SLAM or VIO
    do_final_ba: false # Whether to run a full final BA
    enforce_realtime: false # whether to limit the time budget for optimisation 
    realtime_min_iterations: 3 # minimum number of iterations always performed
    realtime_max_iterations: 10 # never do more than these, even if not converged
    realtime_time_limit: 0.035 # time budget for realtime optimisation [s]
    realtime_num_threads: 3 # number of threads for the realtime optimisation
    full_graph_iterations: 15 # don't do more than these for the full (background) optimisation
    full_graph_num_threads: 1 # number of threads for the full (background) optimisation

# some options for how and what to output
output_parameters:
    display_matches: true  # displays debug video and matches. May be slow.
    display_overhead: false # debug overhead image. Is slow.
    publish_imu_propagated_state: false # Should the state that is propagated with IMU messages be published or just the optimised ones?

